132.3  -249.3  3386.2
136.0  -258.2  3492.9
124.7  -237.0  3203.7
133.8  -254.4  3441.0
134.9  -256.4  3465.6
138.9  -263.4  3560.9
138.9  -263.4  3560.9
138.9  -263.4  3560.9
136.7  -259.6  3509.4
136.7  -259.6  3509.4
136.7  -259.6  3509.4
136.7  -259.6  3509.4
136.7  -259.6  3509.4
136.9  -260.1  3517.3
135.4  -257.7  3484.7
135.4  -257.7  3484.7
136.2  -259.3  3511.0
134.1  -255.7  3461.9
136.2  -259.3  3511.0
131.7  -251.5  3406.9
131.7  -251.5  3406.9
131.7  -251.5  3406.9
131.7  -251.5  3406.9
131.7  -251.5  3406.9
131.7  -251.5  3406.9
130.7  -250.4  3383.7
135.4  -259.0  3500.8
135.4  -259.0  3500.8
127.0  -241.3  3261.3
127.0  -241.3  3261.3
127.8  -243.0  3284.0
137.1  -260.1  3518.0
135.1  -255.4  3455.6
137.9  -259.5  3512.2
139.0  -260.4  3529.0
139.0  -260.4  3529.0
135.7  -254.7  3456.8
139.8  -264.9  3584.9
139.1  -266.1  3604.7
125.1  -242.3  3285.2
129.4  -256.5  3470.5
125.1  -254.9  3450.9
122.7  -260.0  3519.8
117.7  -259.2  3516.6
109.7  -256.7  3489.0
100.1  -251.2  3415.6
93.1  -257.6  3499.4
82.1  -254.8  3460.7
71.5  -254.1  3448.7
55.4  -242.3  3289.4
46.0  -265.0  3599.0
30.1  -258.2  3511.3
14.3  -258.3  3510.7
-2.2  -259.9  3530.9
-19.1  -253.0  3439.2
-36.9  -258.4  3515.4
-54.1  -256.3  3490.1
-72.1  -258.6  3521.5
-87.8  -253.2  3447.0
-105.9  -254.0  3458.9
-121.6  -250.3  3412.8
-144.7  -260.2  3548.4
-154.2  -248.2  3388.4
-175.0  -253.9  3463.8
-190.3  -253.5  3455.5
-209.5  -257.6  3498.0
-221.1  -252.0  3410.4
-233.4  -249.0  3367.3
-252.7  -253.6  3425.3
-274.8  -257.7  3508.1
-286.0  -254.2  3458.8
-306.4  -256.6  3507.5
-314.6  -250.9  3429.1
-312.9  -237.1  3246.3
-346.3  -250.1  3428.8
-369.6  -255.0  3499.4
-377.2  -249.2  3416.9
-397.3  -251.0  3449.3
-419.7  -254.1  3495.5
-433.7  -250.8  3472.6
-445.5  -247.5  3429.1
-468.0  -248.4  3453.4
-485.1  -248.3  3451.8
-513.2  -253.7  3523.7
-527.2  -252.5  3497.7
-523.1  -242.8  3348.9
-547.7  -247.6  3390.1
-566.1  -250.2  3400.0
-589.0  -253.5  3427.8
-598.0  -252.8  3384.6
-639.3  -263.5  3515.9
-647.9  -261.8  3466.5
-647.9  -261.8  3466.5
-694.5  -269.5  3531.0
-647.0  -245.7  3210.6
-683.1  -254.0  3311.9
-795.2  -288.2  3759.9
-787.2  -278.4  3637.5
-798.8  -276.2  3604.1
-799.1  -270.0  3523.4
-843.1  -279.0  3641.3
-828.3  -267.8  3496.0
-848.8  -268.5  3501.7
-804.6  -249.7  3251.3
-886.5  -270.9  3509.9
-919.1  -275.9  3564.3
-923.9  -273.0  3512.1
-946.4  -276.4  3534.7
-991.9  -285.3  3637.4
-943.5  -267.2  3400.1
-982.4  -274.1  3486.1
-1027.4  -282.7  3591.4
-967.9  -263.0  3333.2
-1059.4  -284.0  3595.6
-1096.3  -291.9  3680.5
-1088.1  -285.4  3605.5
-1111.1  -287.7  3635.0
-1155.1  -294.8  3737.3
-1128.2  -284.2  3607.9
-1193.4  -296.3  3774.0
-1104.7  -270.3  3456.5
-1192.8  -287.8  3697.0
-1371.2  -327.1  4201.2
-1124.4  -265.6  3414.7
-1133.1  -264.7  3411.4
-1256.3  -290.5  3747.3
-1251.4  -286.4  3698.7
-1193.0  -270.3  3492.5
-1203.2  -270.3  3493.0
-1213.3  -270.4  3493.5
-1223.4  -270.4  3494.0
-1223.4  -270.4  3494.0
-1223.4  -270.4  3494.0
-1275.3  -274.4  3532.2
-1321.4  -284.2  3635.9
-1396.2  -299.2  3814.4
-1368.6  -292.2  3717.9
-1357.9  -291.2  3667.1
-1366.7  -291.3  3673.3
-1297.2  -275.3  3468.1
-1312.4  -277.0  3495.6
-1471.1  -309.6  3905.6
-1418.8  -297.6  3760.9
-1536.5  -321.2  4064.0
-1472.9  -306.2  3894.8
-1401.6  -291.2  3707.3
-1401.6  -291.2  3707.3
-1398.7  -290.8  3700.3
-1476.2  -307.0  3909.7
-1540.6  -321.1  4090.2
-1534.8  -321.2  4090.4
-1529.1  -321.2  4090.7
-1355.8  -286.2  3642.9
-1287.2  -273.5  3480.6
-1274.9  -272.5  3465.8
-1281.5  -276.5  3511.7
-1281.5  -276.5  3511.7
-1281.5  -276.5  3511.7
-1235.8  -276.8  3500.9
-1219.4  -275.5  3496.3
-1251.3  -286.2  3629.0
-1232.1  -283.8  3613.1
-1216.8  -283.8  3613.8
-1156.9  -273.9  3479.8
-1072.7  -258.3  3275.1
-1125.1  -275.1  3483.3
-1125.1  -275.1  3483.3
-1195.0  -302.2  3815.9
-1089.0  -279.9  3530.5
-1158.7  -302.7  3821.8
-1019.7  -272.0  3415.3
-1010.5  -273.8  3439.5
-996.7  -274.1  3443.8
-979.9  -273.4  3440.0
-972.3  -275.3  3465.3
-969.8  -278.4  3509.8
-957.9  -279.0  3520.7
-957.9  -279.0  3520.7
-872.9  -260.9  3298.2
-972.7  -295.8  3735.7
-944.3  -291.0  3672.8
-945.7  -295.7  3734.4
-860.4  -273.8  3447.5
-856.3  -276.3  3481.0
-839.0  -275.4  3469.4
-798.7  -264.9  3343.6
-757.9  -254.3  3218.7
-757.9  -254.3  3218.7
-801.8  -275.7  3512.4
-730.0  -254.8  3258.7
-678.9  -239.1  3070.8
-720.3  -256.5  3322.1
-708.9  -255.7  3320.6
-709.9  -258.9  3391.6
-671.8  -249.2  3270.1
-663.2  -248.4  3284.8
-641.8  -245.3  3247.3
-645.2  -250.4  3336.5
-610.7  -242.6  3229.2
-585.0  -236.6  3155.4
-590.3  -244.6  3258.3
-567.1  -240.2  3202.2
-567.0  -244.5  3257.8
-553.1  -244.5  3258.0
-506.2  -228.6  3048.6
-489.5  -228.8  3014.4
-500.0  -241.3  3157.2
-477.0  -236.4  3085.8
-439.9  -226.1  2914.0
-448.0  -237.5  3055.9
-423.1  -232.5  2973.3
-416.1  -236.2  3006.4
-412.8  -240.4  3064.4
-393.8  -237.9  3016.8
-385.5  -241.3  3054.0
-370.9  -242.6  3051.4
-340.8  -232.5  2923.8
-340.0  -241.4  3038.1
-308.1  -228.8  2871.2
-300.0  -235.0  2944.2
-284.8  -234.8  2932.5
-273.6  -240.7  2994.0
-258.4  -242.5  2996.7
-249.0  -251.0  3089.2
-227.3  -247.6  3033.1
-210.4  -248.2  3039.1
-200.9  -259.4  3165.3
-172.3  -246.2  2985.9
-155.2  -246.2  2985.4
-143.3  -255.4  3091.3
-122.5  -249.5  3007.6
-105.8  -248.5  2997.6
-93.7  -254.1  3056.2
-76.9  -255.6  3072.7
-60.7  -250.6  3006.7
-44.7  -247.4  2970.8
-28.2  -240.7  2892.3
-15.7  -262.3  3146.9
-1.9  -252.0  3024.7
14.0  -241.6  2920.8
28.4  -249.8  3041.1
41.5  -249.5  3053.3
56.5  -245.8  3021.7
69.2  -239.6  2966.3
84.2  -241.2  3009.7
98.5  -241.0  3028.1
106.1  -227.3  2877.3
124.8  -231.7  2965.0
140.1  -232.4  2991.9
156.6  -232.3  3025.2
173.8  -233.4  3055.8
183.0  -222.5  2940.6
200.6  -221.8  2953.9
218.6  -222.3  2969.2
236.7  -223.4  2985.8
253.1  -222.5  2977.1
270.6  -223.0  2982.6
296.4  -230.8  3071.6
308.4  -228.6  3028.6
329.8  -233.0  3079.4
351.9  -236.9  3125.3
347.1  -224.1  2956.8
377.9  -234.3  3077.2
398.0  -234.7  3101.0
395.8  -224.9  2968.6
434.3  -237.4  3133.1
458.9  -240.9  3182.5
453.2  -230.3  3043.7
464.6  -227.9  3017.0
480.5  -229.4  3036.9
503.8  -233.1  3085.1
509.9  -228.9  3029.9
528.2  -229.7  3042.2
551.8  -233.5  3091.6
569.3  -233.4  3090.9
596.1  -238.7  3145.6
622.9  -243.2  3204.0
583.7  -221.9  2924.5
712.2  -264.1  3472.0
733.9  -265.0  3483.8
691.0  -243.5  3199.7
710.7  -244.0  3206.1
772.5  -258.7  3395.8
689.2  -225.7  2960.4
850.2  -273.8  3565.1
809.3  -256.3  3321.3
828.6  -257.3  3334.6
831.3  -253.4  3271.5
855.3  -255.0  3296.7
870.4  -254.6  3292.3
870.4  -254.6  3292.3
870.4  -254.6  3292.3
884.2  -234.4  3108.7
904.7  -233.0  3127.9
1039.3  -260.4  3532.2
1007.3  -246.9  3368.6
1059.1  -254.7  3490.9
1037.7  -245.9  3368.9
1021.6  -237.1  3269.1
1105.0  -253.6  3494.1
1105.0  -253.6  3494.1
1051.3  -231.9  3242.6
1164.9  -252.0  3553.6
1164.9  -252.0  3553.6
1181.0  -245.3  3517.3
1181.0  -245.3  3517.3
1181.0  -245.3  3517.3
1266.3  -248.8  3652.0
1260.9  -245.4  3601.4
1300.4  -251.0  3683.7
1302.5  -249.4  3658.9
1493.6  -284.2  4168.2
1493.6  -284.2  4168.2
1493.6  -284.2  4168.2
1257.6  -239.5  3447.3
1361.5  -258.2  3711.4
1361.5  -258.2  3711.4
1331.0  -245.4  3600.6
1331.0  -245.4  3600.6
1331.0  -245.4  3600.6
1356.3  -242.3  3618.5
1244.1  -221.5  3312.2
1382.9  -245.3  3673.0
1382.2  -244.3  3658.7
1384.0  -243.8  3650.8
1398.5  -246.1  3683.7
1365.2  -237.9  3585.6
1365.2  -237.9  3585.6
1374.1  -236.6  3592.8
1374.1  -236.6  3592.8
1392.1  -238.5  3624.9
1403.3  -238.4  3645.9
1403.3  -238.4  3645.9
1403.3  -238.4  3645.9
1428.3  -241.8  3698.4
1428.3  -241.8  3698.4
1476.0  -250.0  3821.2
1476.0  -250.0  3821.2
1359.8  -234.0  3524.3
1338.7  -231.3  3476.2
1318.2  -228.9  3433.9
1318.2  -228.9  3433.9
1318.2  -228.9  3433.9
1383.5  -243.5  3646.9
1363.9  -240.9  3610.4
1339.2  -242.3  3568.5
1362.7  -248.9  3651.8
1353.9  -249.2  3655.3
1353.9  -249.2  3655.3
1198.5  -226.6  3284.7
1195.2  -227.8  3307.3
1195.2  -227.8  3307.3
1147.1  -227.0  3239.9
1147.1  -227.0  3239.9
1184.5  -240.7  3427.8
1176.7  -242.4  3451.7
1176.7  -242.4  3451.7
1031.1  -220.1  3120.0
1031.1  -220.1  3120.0
1031.1  -220.1  3120.0
1029.3  -235.5  3353.7
1011.0  -236.0  3360.9
1011.0  -236.0  3360.9
946.5  -227.9  3278.0
940.3  -231.4  3329.0
874.7  -220.3  3167.1
798.9  -204.6  2949.7
793.8  -207.7  2995.0
838.8  -224.9  3235.9
773.4  -211.4  3045.7
797.9  -223.2  3209.9
768.8  -220.2  3164.1
736.7  -215.3  3100.9
693.9  -204.8  2988.3
696.1  -209.3  3065.5
655.7  -200.0  2956.0
653.9  -203.0  3019.8
668.7  -211.3  3169.1
575.1  -185.9  2795.7
603.8  -198.7  3016.2
564.0  -190.6  2897.6
561.8  -194.5  2967.9
510.6  -182.6  2782.5
505.6  -186.3  2842.7
485.0  -184.7  2822.0
448.9  -183.0  2826.6
417.0  -177.1  2738.0
408.7  -180.7  2809.1
379.3  -176.3  2738.5
362.4  -177.4  2759.2
353.3  -182.2  2843.8
314.8  -172.2  2690.4
310.4  -180.2  2825.2
280.8  -173.8  2732.2
256.5  -171.3  2682.1
225.7  -164.3  2529.7
225.4  -179.7  2743.0
204.3  -177.8  2686.8
184.8  -178.4  2652.8
160.3  -173.0  2549.5
154.7  -188.0  2747.2
133.1  -185.8  2695.3
116.0  -188.5  2733.5
96.7  -189.2  2729.5
77.8  -187.8  2707.4
60.1  -188.8  2723.5
40.4  -184.9  2667.5
22.2  -189.1  2727.0
3.8  -183.8  2647.6
-13.9  -188.3  2717.3
-32.8  -190.6  2749.0
-50.0  -187.8  2705.2
-69.7  -192.9  2786.0
-80.9  -178.9  2595.9
-105.3  -195.0  2840.6
-121.7  -195.0  2842.9
-137.8  -193.5  2849.4
-147.9  -188.0  2778.1
-152.2  -179.1  2646.0
-160.5  -178.1  2635.8
-178.9  -189.4  2800.7
-189.1  -193.1  2841.2
-187.4  -187.8  2736.9
-197.0  -195.0  2816.0
-206.3  -202.2  2894.8
-209.4  -201.8  2876.1
-196.7  -188.7  2675.3
-214.4  -204.2  2892.0
-206.8  -194.3  2756.4
-210.9  -199.1  2813.3
-210.9  -199.1  2813.3
-210.7  -199.8  2827.3
-208.4  -198.5  2806.8
-195.1  -187.5  2650.7
-204.6  -198.7  2810.2
-202.1  -199.6  2823.2
-206.3  -205.6  2889.5
-199.9  -203.8  2856.7
-203.1  -211.0  2934.4
-199.1  -211.0  2910.4
-194.0  -208.6  2867.3
-195.5  -214.8  2917.8
-185.5  -207.2  2791.0
-186.1  -213.8  2848.1
-184.6  -217.6  2878.4
-183.6  -221.5  2924.9
-168.3  -208.8  2748.3
-166.4  -211.4  2773.5
-167.5  -220.4  2892.7
-158.3  -216.5  2840.0
-155.6  -220.5  2893.8
-142.8  -211.0  2783.6
-138.4  -216.5  2856.7
-128.2  -213.0  2803.8
-119.5  -211.7  2787.1
-109.5  -209.2  2763.0
-99.4  -208.4  2747.6
-87.0  -203.0  2687.6
-78.4  -207.0  2736.0
-67.7  -207.1  2732.6
-60.5  -219.2  2859.1
-48.3  -223.6  2853.4
-36.6  -223.1  2742.2
-27.8  -238.8  2798.5
-19.8  -253.7  2815.9
-14.5  -274.7  2879.5
-10.0  -289.0  2839.1
-5.9  -305.9  2813.3
-1.6  -316.1  2710.7
2.2  -359.4  2879.4
3.8  -388.3  2896.8
6.4  -425.5  2958.8
9.1  -456.0  2960.5
10.8  -495.8  3008.3
14.2  -536.3  3054.4
14.2  -536.3  3054.4
14.2  -536.3  3054.4
18.4  -593.4  2880.9
18.5  -613.0  2851.2
19.2  -629.6  2803.9
19.2  -652.8  2803.0
19.2  -652.8  2803.0
21.2  -701.7  2806.5
19.9  -672.1  2604.3
21.5  -742.4  2788.1
20.9  -742.7  2713.9
20.9  -752.3  2673.8
21.4  -808.2  2800.9
21.2  -832.6  2818.9
21.2  -832.6  2818.9
23.5  -984.1  3199.9
21.9  -964.1  3081.7
21.5  -960.0  3025.8
21.5  -960.0  3025.8
21.5  -960.0  3025.8
22.8  -1013.7  3194.3
22.9  -1008.2  3205.0
22.5  -942.8  3022.3
22.3  -886.6  2865.2
24.9  -902.9  2941.2
25.8  -919.4  3021.8
26.6  -923.6  3063.6
26.7  -848.7  2840.4
31.4  -928.9  3138.0
30.6  -897.8  3060.2
27.4  -754.7  2598.6
30.4  -798.3  2766.3
30.7  -799.0  2788.7
31.3  -796.9  2801.4
34.6  -857.3  3028.9
37.0  -855.8  3030.0
34.9  -787.5  2794.2
39.7  -870.7  3090.6
36.7  -790.9  2804.0
38.1  -792.6  2799.9
40.2  -804.4  2841.8
41.5  -810.5  2865.3
44.9  -842.8  2979.8
43.2  -781.3  2772.2
45.2  -796.1  2828.5
48.7  -831.8  2967.7
52.3  -850.6  3057.2
51.2  -820.1  2974.4
51.7  -792.8  2908.7
51.3  -753.9  2806.7
52.5  -735.8  2792.7
54.5  -736.3  2848.0
54.5  -736.3  2848.0
59.2  -709.7  2887.2
60.0  -676.0  2826.4
64.4  -665.3  2869.8
63.6  -615.4  2751.2
72.9  -651.9  3018.3
71.7  -588.1  2829.8
75.0  -560.1  2810.0
80.2  -544.7  2859.9
85.0  -533.5  2933.1
83.7  -489.9  2824.7
81.3  -441.2  2675.7
90.9  -453.3  2896.8
93.1  -438.3  2953.1
91.4  -408.8  2902.4
90.7  -377.6  2832.2
90.7  -357.3  2829.6
90.6  -337.6  2830.0
90.2  -317.2  2820.9
86.6  -290.2  2729.7
88.1  -279.3  2803.2
89.5  -268.1  2864.6
88.6  -252.2  2885.2
86.0  -232.0  2852.5
83.8  -210.0  2807.9
81.4  -190.8  2794.1
81.2  -175.2  2838.3
81.1  -157.2  2853.7
79.4  -136.8  2814.7
74.5  -111.9  2673.5
74.1  -96.0  2689.5
77.1  -83.7  2815.9
72.1  -62.8  2649.9
77.7  -51.7  2867.9
77.3  -35.2  2857.7
77.0  -18.9  2850.8
78.3  -2.2  2898.5
78.1  13.9  2889.5
77.3  29.5  2848.6
74.4  42.9  2723.5
74.5  57.6  2712.7
74.4  86.0  2649.2
76.5  101.6  2696.6
82.0  123.4  2868.8
81.8  138.3  2857.4
77.2  144.4  2688.9
77.2  156.2  2669.6
82.7  180.5  2825.6
77.3  180.8  2615.4
77.7  193.9  2614.7
82.2  217.2  2750.4
84.2  231.9  2782.3
86.2  247.9  2821.4
82.3  244.3  2654.3
86.0  263.5  2745.8
88.7  279.4  2814.9
85.7  275.3  2696.1
85.2  278.7  2645.5
85.9  286.6  2651.2
85.8  294.4  2651.0
87.6  303.9  2685.4
91.3  321.7  2794.4
86.7  310.9  2655.7
86.9  313.7  2646.4
84.2  308.0  2568.4
84.0  310.6  2559.8
95.0  354.2  2896.0
95.7  358.4  2914.4
96.6  362.4  2935.7
96.1  362.5  2920.5
96.4  365.6  2934.9
87.2  332.7  2661.1
93.5  358.5  2858.5
88.6  340.6  2702.3
89.2  345.2  2733.4
92.8  359.3  2837.1
92.6  358.8  2823.9
87.0  337.7  2650.0
88.5  343.7  2696.9
94.9  369.1  2892.3
95.7  371.7  2912.3
95.7  371.6  2912.5
95.7  371.6  2912.5
94.2  366.7  2861.9
94.2  366.7  2861.9
94.2  366.7  2861.9
93.9  366.6  2861.5
93.9  366.6  2861.5
88.0  347.6  2717.9
88.7  350.5  2739.9
88.7  350.5  2739.9
87.6  347.0  2721.9
88.9  352.7  2767.0
78.2  313.9  2462.7
82.4  332.0  2604.8
84.0  340.7  2680.2
84.2  341.3  2684.3
79.3  320.4  2525.8
83.3  337.9  2670.2
89.2  364.2  2883.9
80.7  331.5  2630.0
81.4  333.3  2650.3
83.2  346.7  2771.9
85.2  354.1  2832.4
82.8  343.3  2763.8
84.4  348.7  2834.9
79.8  326.1  2683.9
79.7  324.8  2715.7
81.9  326.5  2794.3
73.5  286.0  2516.7
77.5  290.6  2654.6
78.6  280.0  2682.2
79.9  269.5  2727.0
76.2  243.6  2631.2
76.4  227.1  2654.6
75.7  209.1  2690.9
74.1  183.3  2637.8
76.9  168.7  2754.5
75.8  143.8  2751.7
69.7  112.1  2577.0
70.1  89.9  2627.6
70.8  67.7  2684.9
67.7  42.5  2614.2
64.5  18.1  2516.4
66.0  -2.9  2600.9
63.4  -23.9  2530.9
64.7  -46.7  2641.4
62.2  -64.1  2581.5
65.6  -87.7  2728.6
65.9  -106.3  2727.2
65.7  -121.8  2710.3
64.5  -134.1  2667.9
61.4  -140.6  2550.3
62.4  -153.6  2592.2
68.9  -180.0  2849.3
69.5  -188.5  2853.4
69.8  -197.6  2868.2
69.7  -205.2  2858.8
70.0  -212.4  2867.6
65.3  -205.7  2694.6
66.3  -217.3  2788.7
65.2  -223.2  2797.2
62.8  -227.1  2788.5
62.2  -236.8  2853.3
60.0  -237.5  2831.4
56.8  -239.2  2823.3
55.8  -245.1  2876.8
52.0  -243.6  2850.1
50.9  -247.4  2875.3
47.4  -244.9  2834.7
45.8  -251.4  2893.1
42.3  -245.5  2822.7
42.4  -255.2  2936.2
39.3  -247.0  2836.2
36.9  -240.6  2760.4
38.7  -256.1  2933.2
38.1  -252.7  2896.5
36.0  -252.2  2905.1
36.1  -250.3  2904.1
35.4  -250.6  2937.2
33.0  -235.8  2779.5
34.3  -248.1  2934.7
33.9  -244.7  2918.3
33.9  -242.7  2904.0
33.0  -238.9  2858.8
33.0  -238.7  2857.4
33.2  -242.0  2906.0
32.4  -239.4  2881.3
31.0  -228.9  2768.7
32.6  -238.8  2914.7
32.2  -235.6  2889.2
32.7  -234.2  2896.1
34.1  -241.0  2988.1
34.9  -241.4  3009.3
33.6  -230.5  2883.3
33.7  -229.5  2890.5
32.4  -226.2  2850.9
32.1  -222.2  2808.9
32.9  -227.9  2892.8
32.7  -218.7  2789.6
31.7  -207.3  2644.8
34.2  -216.1  2750.0
36.8  -225.8  2875.6
37.0  -226.3  2895.9
37.3  -227.7  2915.5
38.4  -233.0  2986.3
39.7  -230.4  2954.5
39.4  -215.7  2766.4
42.4  -230.9  2964.0
43.9  -225.4  2897.1
43.5  -216.6  2777.7
43.9  -214.4  2759.9
